25, 16, 9, 18, 19, 21; 15, 15, 16; 42, 18, 14
6, 0, 6, 4, 5, 1, 4, 6, 3, 7, 3, 4, 4, 6, 6, 2, 1, 2, 7, 7, 7, 0, 5, 2, 4, 1, 3, 5, 3, 7, 2, 4, 2, 6, 7, 5, 1, 3, 7, 6, 7, 1, 3, 2, 4, 4, 2, 6, 4, 6, 4, 1, 5, 6, 7, 7, 0, 4, 2, 4, 7, 1, 6, 2, 3, 5, 4, 4, 6, 2, 6, 3, 5, 6, 3, 7, 1, 5, 5, 3
86, 22, 0, 0, 0, 0, 0, 0, 255, 215, 141, 107, 0, 0, 0, 0, 0, 0, 1, 1, 0, 0, 7, 0, 255, 255, 255, 131, 2, 1, 1, 1, 5, 13, 16, 21, 72, 51, 20, 22, 134, 114, 52, 65, 4, 6, 7, 19, 16, 18, 16, 39, 84, 47, 23, 43, 10, 34, 36, 19, 17, 24, 24, 59
17, -96, -97, 75, -1, 13, 15, 16, -11, 17, 14, 6, -31, 9, 9, 11, -7, 0, 3, 10, -15, 5, 0, 7, -15, 3, 4, 1, -14, 5, 1, -4, 3, 3, 1, 1, 0, 1, -1, 0, 7, 4, 1, 3, 1, 2, 4, 4, -2, -2, 4, 5, 4, 5, 6, 2, -7, -2, 0, -2, 1, 0, -3, -3
15, 13, 18, 14, 16, 13; 15, 17, 15; 49, 14, 17
1, 1, 4, 2, 7, 4, 3, 3, 3, 6, 2, 2, 4, 3, 6, 1, 2, 2, 4, 5, 3, 1, 6, 3, 6, 4, 1, 5, 3, 7, 3, 3, 2, 5, 7, 2, 3, 4, 3, 5, 3, 1, 4, 2, 7, 2, 3, 5, 4, 6, 2, 3, 4, 4, 7, 3, 2, 5, 4, 5, 0, 1, 2, 3, 6, 4, 3, 2, 3, 7, 2, 2, 3, 3, 7, 3, 2, 3, 3, 4
40, 22, 0, 0, 0, 0, 0, 0, 255, 219, 103, 51, 0, 0, 0, 0, 0, 0, 0, 0, 0, 0, 101, 10, 255, 255, 239, 50, 3, 1, 0, 0, 0, 0, 0, 0, 60, 72, 34, 1, 110, 63, 33, 3, 15, 8, 1, 0, 5, 3, 0, 0, 39, 27, 5, 0, 18, 7, 6, 8, 0, 0, 0, 0
-47, -76, -97, 77, 25, 14, 22, 30, -9, 13, 11, 11, -9, 14, 19, 20, -7, 1, 0, 10, -15, 5, 0, 9, -15, 2, 2, 4, -15, 5, 1, -2, 3, 3, 0, 1, 0, 0, 1, 6, 14, 1, 1, 3, 1, 2, 4, 6, -15, -3, 2, 2, 2, 3, 3, -4, -15, -2, 0, -2, 1, 0, -3, -5
17, 11, 22, 14, 15, 12; 36, 18, 14; 23, 14, 18
4, 3, 5, 6, 2, 6, 2, 6, 4, 5, 5, 1, 3, 6, 6, 4, 1, 6, 5, 7, 5, 2, 5, 5, 3, 4, 3, 6, 6, 6, 5, 3, 5, 6, 5, 6, 1, 3, 7, 3, 3, 5, 6, 3, 2, 3, 5, 6, 4, 3, 3, 4, 4, 6, 5, 2, 5, 6, 6, 5, 1, 6, 5, 4, 4, 3, 4, 4, 6, 3, 6, 2, 4, 3, 1, 1, 4, 4, 5, 6
0, 0, 0, 56, 58, 0, 0, 0, 3, 0, 5, 6, 0, 0, 68, 24, 76, 67, 0, 0, 0, 0, 4, 0, 22, 38, 30, 20, 98, 105, 115, 84, 215, 218, 155, 119, 41, 48, 29, 11, 69, 67, 66, 57, 142, 147, 147, 111, 242, 230, 183, 134, 93, 110, 85, 53, 118, 141, 105, 80, 75, 62, 56, 56
114, 130, 76, -42, -14, -12, -21, -2, -5, -7, -28, 7, -6, -10, -13, 6, -2, 15, -3, -3, -3, 22, -15, 0, -3, 8, -14, 2, -3, 13, -9, -4, 1, -3, -3, -1, 2, 3, 1, 3, 1, 1, 1, 4, -2, 1, 4, 5, 1, -1, 1, -1, -3, 0, 2, -1, 0, 0, 0, -10, -3, 0, -3, -3
14, 22, 22, 13, 20, 15; 41, 17, 11; 35, 14, 19
4, 2, 5, 6, 5, 5, 2, 5, 4, 3, 2, 1, 5, 6, 2, 0, 0, 0, 0, 2, 6, 2, 6, 4, 3, 4, 3, 6, 6, 4, 3, 3, 4, 7, 4, 3, 1, 0, 1, 3, 6, 1, 6, 4, 4, 5, 2, 2, 5, 4, 6, 2, 5, 6, 2, 6, 3, 2, 2, 2, 6, 2, 5, 5, 5, 4, 4, 3, 4, 4, 2, 3, 4, 3, 2, 6, 3, 2, 4, 2
1, 0, 0, 0, 4, 11, 0, 0, 27, 35, 3, 6, 0, 0, 0, 0, 17, 49, 122, 143, 1, 0, 13, 0, 58, 108, 80, 51, 0, 2, 0, 6, 190, 243, 167, 95, 223, 210, 107, 27, 39, 66, 27, 14, 0, 3, 3, 8, 85, 78, 27, 30, 138, 147, 56, 16, 18, 11, 10, 10, 4, 2, 1, 11
37, 25, 127, 40, -9, 14, 14, -18, 8, 15, 12, -33, -14, 12, -24, 2, -7, 1, 3, 3, -2, 5, 15, 0, -15, 4, 15, -4, -4, 5, 5, -4, 3, 2, 0, 1, 2, 3, 7, 13, 3, 2, 1, 3, 2, 0, 1, 6, -4, 1, 2, 4, 5, -5, -3, -4, -1, 0, 0, -2, 0, -3, -3, -3
10, 15, 11, 12, 16, 14; 28, 11, 14; 34, 22, 19
2, 1, 3, 3, 3, 3, 2, 5, 3, 4, 3, 2, 4, 3, 5, 3, 1, 2, 3, 4, 0, 2, 0, 3, 5, 6, 3, 4, 0, 5, 5, 2, 4, 4, 6, 5, 3, 3, 3, 5, 1, 0, 4, 5, 2, 6, 1, 3, 5, 3, 6, 0, 1, 3, 5, 6, 1, 6, 2, 5, 1, 1, 1, 3, 3, 6, 0, 1, 5, 5, 6, 1, 4, 3, 4, 5, 1, 4, 3, 4
29, 0, 0, 0, 0, 0, 0, 0, 210, 39, 0, 0, 0, 0, 0, 0, 0, 0, 0, 0, 0, 0, 0, 0, 200, 139, 40, 16, 7, 0, 0, 0, 193, 204, 146, 4, 10, 2, 0, 0, 164, 50, 36, 6, 70, 15, 2, 0, 87, 79, 21, 2, 29, 4, 1, 2, 142, 79, 37, 32, 17, 14, 0, 2
1, -26, -37, -7, -2, 0, -10, 25, -31, -9, -16, 14, 2, 14, -2, 22, -6, 1, -3, 6, -15, 5, -8, 2, -14, 2, -15, 0, -12, 5, 1, -4, -1, -3, -3, -6, 3, -3, 0, -1, 6, -4, -1, 1, 1, 2, 4, 3, -7, -2, 2, 2, -15, 1, 3, 0, -7, 0, 0, -2, 1, 0, -3, -3
28, 16, 25, 8, 15, 16; 43, 17, 27; 25, 16, 7
0, 0, 0, 0, 0, 0, 0, 0, 0, 0, 0, 0, 0, 0, 0, 0, 0, 0, 0, 0, 0, 0, 0, 0, 0, 0, 0, 0, 0, 0, 0, 0, 0, 0, 0, 0, 0, 0, 0, 0, 1, 4, 0, 1, 4, 1, 5, 2, 2, 3, 1, 4, 2, 2, 3, 2, 4, 1, 4, 2, 5, 3, 4, 2, 6, 4, 3, 3, 4, 5, 5, 3, 3, 5, 5, 5, 3, 3, 5, 4
0, 0, 0, 0, 0, 0, 0, 0, 46, 3, 0, 0, 0, 0, 0, 0, 0, 184, 0, 0, 0, 0, 0, 0, 153, 184, 15, 0, 0, 0, 0, 0, 6, 17, 84, 19, 20, 10, 1, 0, 127, 81, 3, 0, 8, 0, 0, 0, 25, 29, 34, 4, 38, 43, 25, 1, 55, 65, 31, 2, 1, 1, 0, 0
-72, -2, 14, 12, -19, 11, 13, 19, -31, 10, 31, 10, -2, 14, -18, 22, -7, 2, -3, 7, -15, 5, -4, 1, -15, 2, -15, 0, -5, 5, 1, -4, 3, -3, -1, -1, -3, -1, 2, 2, -3, 0, 1, 3, -3, 2, 4, 4, -12, 0, 2, 2, 9, 1, 3, 0, -2, 0, 0, -2, 1, 0, -3, -3
28, 7, 30, 25, 11, 17; 30, 15, 19; 32, 17, 15
0, 1, 1, 0, 4, 5, 3, 4, 4, 2, 0, 0, 0, 0, 0, 0, 0, 0, 0, 0, 1, 4, 6, 3, 4, 7, 2, 2, 3, 3, 2, 1, 0, 1, 2, 0, 0, 1, 0, 0, 3, 4, 2, 5, 5, 4, 4, 4, 5, 5, 4, 2, 5, 6, 5, 1, 4, 6, 3, 4, 5, 1, 6, 2, 5, 6, 1, 5, 6, 4, 5, 3, 0, 0, 4, 0, 2, 0, 0, 1
0, 0, 0, 0, 0, 0, 0, 2, 34, 19, 14, 4, 0, 0, 0, 0, 0, 0, 0, 0, 0, 0, 4, 3, 152, 121, 61, 18, 39, 7, 1, 1, 10, 41, 21, 5, 14, 35, 46, 13, 180, 127, 91, 37, 135, 57, 20, 11, 96, 91, 76, 131, 63, 75, 76, 46, 255, 187, 185, 135, 126, 92, 84, 160
86, 7, -18, 29, -13, -2, -10, 4, -31, -28, 8, 12, -13, 7, -18, 1, -7, -5, -3, 10, 5, -3, 0, 3, -8, 5, 15, 1, -5, 5, 1, -4, 3, -3, -3, -4, 3, -1, 1, 4, -4, -7, -11, -1, -1, 0, 4, 2, -6, -1, 2, 3, 8, 15, 3, -3, -2, 0, 0, -2, 1, 0, -3, -3
14, 9, 29, 15, 7, 17; 27, 12, 20; 41, 25, 7
4, 1, 3, 5, 3, 4, 2, 5, 4, 3, 6, 1, 2, 1, 3, 5, 2, 3, 0, 2, 4, 4, 3, 4, 4, 1, 2, 4, 3, 2, 4, 3, 5, 3, 3, 4, 4, 3, 1, 1, 3, 1, 4, 6, 3, 1, 2, 2, 6, 6, 2, 2, 5, 4, 3, 1, 5, 3, 5, 1, 1, 0, 0, 2, 0, 2, 0, 1, 0, 1, 1, 3, 3, 2, 2, 0, 1, 0, 4, 1
27, 0, 0, 1, 68, 13, 0, 0, 128, 16, 0, 0, 0, 0, 0, 47, 38, 87, 34, 39, 0, 0, 53, 0, 139, 120, 130, 53, 0, 0, 2, 53, 60, 84, 74, 69, 122, 87, 48, 5, 98, 54, 45, 1, 3, 0, 2, 0, 69, 54, 28, 8, 104, 74, 45, 5, 109, 27, 9, 6, 6, 14, 0, 0
56, -22, 70, 48, 15, 14, 22, 17, -20, 24, 5, -38, -14, 3, -3, 14, -7, 1, 3, 4, -15, 5, 10, 16, -15, 13, 0, 2, -11, 5, -5, -4, 3, -3, 0, 1, -1, 1, 2, 3, 1, 1, 1, 3, -1, -4, -2, 1, -13, -1, 2, 13, 10, -5, 0, -5, -8, 0, 0, -2, 2, -1, -3, -3
21, 13, 22, 18, 17, 16; 18, 15, 12; 43, 17, 17
2, 0, 0, 0, 0, 1, 0, 0, 0, 0, 0, 1, 0, 0, 1, 5, 0, 0, 0, 0, 2, 6, 5, 0, 3, 5, 3, 4, 2, 4, 3, 4, 3, 5, 4, 5, 5, 2, 2, 3, 4, 3, 4, 6, 4, 2, 4, 3, 6, 5, 4, 4, 6, 4, 5, 4, 0, 5, 4, 5, 1, 4, 5, 5, 6, 3, 4, 4, 5, 6, 2, 3, 2, 6, 6, 1, 4, 5, 5, 7
14, 0, 0, 0, 0, 0, 0, 0, 255, 112, 6, 4, 0, 0, 0, 0, 0, 0, 0, 0, 0, 0, 31, 0, 252, 227, 153, 67, 0, 0, 0, 0, 0, 0, 0, 0, 56, 29, 10, 6, 158, 49, 69, 68, 10, 0, 1, 9, 19, 2, 28, 49, 65, 23, 31, 35, 83, 27, 9, 9, 14, 53, 100, 73
-25, -56, -51, 69, 20, 12, 17, 33, -19, 13, 22, 14, -22, 12, 3, 12, -7, 1, 1, 9, -15, 5, 0, 13, -15, 4, 8, 4, -14, 5, 1, -2, 2, -3, -1, 0, -2, -3, 0, 0, 2, -1, 1, 3, 1, 2, 4, 0, -13, 2, 2, 4, 5, 8, 3, 0, -11, 0, 0, -2, 1, 0, -3, -5
15, 17, 16, 13, 17, 13; 32, 14, 17; 31, 17, 16
2, 3, 4, 4, 7, 3, 3, 3, 4, 7, 2, 3, 3, 4, 7, 2, 2, 5, 6, 5, 3, 1, 5, 4, 6, 2, 2, 4, 6, 6, 2, 3, 5, 4, 6, 3, 2, 5, 5, 6, 4, 1, 5, 6, 7, 3, 1, 6, 6, 5, 3, 1, 5, 6, 6, 2, 3, 4, 6, 6, 2, 3, 5, 6, 5, 2, 4, 6, 6, 5, 4, 0, 5, 4, 6, 4, 3, 5, 5, 5
0, 0, 0, 0, 0, 0, 0, 0, 0, 0, 0, 0, 0, 0, 0, 0, 2, 2, 1, 0, 0, 0, 0, 0, 24, 112, 76, 7, 0, 55, 12, 0, 29, 66, 6, 0, 2, 5, 2, 0, 50, 191, 72, 0, 10, 133, 14, 0, 112, 255, 49, 0, 63, 125, 26, 0, 0, 125, 255, 255, 68, 1, 0, 0
-32, 48, 38, 14, -30, -12, -35, 4, -15, -7, -31, 1, -8, 8, 11, 18, -7, 9, 3, 3, -1, 5, -2, 0, -13, 4, 2, 2, -3, 5, 1, -4, 3, 3, 3, 12, 3, 3, 3, 7, 1, 1, 1, 3, 3, 2, 4, 5, -9, -3, 0, -2, -2, -1, 2, -3, 0, 0, 0, -2, 1, 0, -3, -3
